0
3
3
7
2
0
1
9
2
8
12
15
3
8
4
6
12
7
3
25
3
13
18
19
22
18
20
4
0
9
10
4
9
39
30
26
5
13
7
10
48
53
35
1
61
9
1
14
3
34
41
16
6
36
66
74
31
39
6
0
7
21
52
32
17
26
15
70
9
101
89
20
31
118
117
30
57
130
86
7
108
59
102
12
108
95
40
12
195
21
94
160
5
98
155
126
192
102
82
166
19
151
60
185
44
90
87
28
12
41
3
24
217
63
12
106
78
197
56
58
36
26
69
55
72
168
145
83
110
10
169
162
113
15
247
81
84
102
135
147
155
241
96
35
49
234
17
54
2
134
69
194
84
27
71
95
8
213
53
90
7
101
49
192
92
238
144
241
7
51
10
187
215
187
24
238
35
60
236
87
178
116
198
57
161
133
81
80
91
113
143
32
14
145
13
236
125
190
303
156
37
150
190
12
345
157
251
228
135
152
16
374
148
97
10
212
193
19
18
300
3
38
108
103
153
267
171
5
110
101
54
268
21
167
338
48
66
225
15
214
223
42
277
292
114
255
256
377
272
405
15
136
40
34
27
28
465
118
31
455
103
339
80
201
288
181
234
80
198
230
225
78
124
120
321
223
64
276
306
540
93
111
227
275
19
228
178
432
103
323
245
281
47
515
107
137
177
56
300
95
8
171
220
184
18
524
383
26
143
343
79
109
237
108
300
63
213
163
423
281
182
22
24
190
228
368
244
319
336
31
336
217
120
292
325
235
157
511
152
592
14
669
55
47
97
108
74
420
407
55
289
360
272
157
149
194
392
244
156
158
144
60
326
516
297
383
91
431
177
518
375
267
208
403
353
40
171
50
120
330
483
11
518
294
43
280
139
252
496
128
140
81
193
570
462
195
69
684
236
98
307
149
552
146
293
209
745
411
581
659
712
502
220
289
90
56
731
356
426
439
246
137
108
403
316
538
566
221
19
354
362
927
216
301
230
438
172
133
76
185
183
175
267
403
270
210
206
652
492
174
598
497
419
333
680
90
626
448
150
46
473
365
232
672
437
31
422
6
100
79
497
830
179
369
182
128
418
521
622
74
167
112
751
730
431
618
3
481
601
28
172
550
704
675
69
381
782
436
301
199
48
622
227
350
11
960
71
288
394
28
316
604
7
295
165
379
149
317
621
378
856
304
395
458
81
380
34
507
356
220
249
406
895
1123
110
316
241
374
242
311
38
213
94
425
699
93
53
444
100
452
314
217
468
672
40
808
24
727
173
148
668
425
336
167
173
571
430
504
813
687
131
374
446
569
716
962
84
741
611
718
70
930
277
236
120
564
182
919
1142
260
66
363
420
66
542
63
838
865
337
345
712
138
771
373
274
582
259
145
422
688
822
389
728
545
1108
81
35
139
373
452
844
249
1103
153
562
255
881
465
942
47
119
1137
509
258
880
870
532
171
424
909
4
567
394
76
315
279
147
694
665
777
310
46
408
153
548
817
326
109
473
53
842
21
21
282
1135
522
36
527
210
1082
235
45
285
844
355
155
642
1162
10
1170
800
67
1200
356
1008
885
516
1133
419
628
570
622
374
433
729
948
513
631
47
13
670
1090
644
712
1241
177
817
119
759
105
958
411
446
678
858
570
57
89
1305
422
45
282
463
832
686
1208
606
204
32
68
923
834
1155
182
790
196
719
47
204
43
934
1179
406
508
524
573
457
706
1070
1014
154
1297
233
668
62
1092
39
71
601
66
80
72
147
149
548
481
806
44
86
863
514
4
247
312
256
312
881
701
920
1281
248
1436
531
133
263
1164
889
480
978
47
1385
509
443
913
1432
384
735
1021
232
1124
825
90
981
173
484
887
263
117
238
637
127
91
15
761
844
42
493
894
93
162
139
516
131
1204
416
752
1162
1340
397
423
698
137
115
1500
143
433
631
307
634
851
194
775
574
1104
281
336
56
455
36
1095
16
978
725
1569
65
216
277
1118
229
1350
957
131
224
678
908
1133
1283
49
159
676
124
250
481
1122
17
1051
361
35
388
353
738
76
492
174
1656
49
149
356
276
617
158
623
216
69
107
1524
752
534
379
680
152
760
1109
573
61
1035
628
151
49
110
1221
1087
26
674
814
1223
155
877
521
827
357
50
1202
1348
30
164
1745
21
206
495
978
888
1690
141
466
399
1016
1361
604
1513
45
793
1051
761
1073
999
1612
332
691
1498
761
523
776
531
305
1438
756
1498
305
609
296
222
204
463
169
364
86
1636
449
1061
1855
154
890
1036
1645
146
1094
1832
305
482
545
64
1056
1065
525
54
509
834
880
28
1516
546
5
702
1545
919
1295
1003
226
1670
323
1308
68
869
1813
396
1148
1285
450
793
632
55
359
767
378
239
663
1180
330
465
1299
1292
855
261
1415
281
256
499
329
322
3
13
47
553
980
1016
1350
631
1331
220
498
787
1314
537
1505
1055
108
966
334
999
447
179
1232
1185
786
298
570
207
314
18
452
5
34
263
1081
560
130
221
484
482
136
56
288
341
503
823
27
1382
851
405
138
1486
935
486
356
238
445
743
1096
1460
677
484
1065
1002
673
607
1023
1167
146
163
1731
677
446
1356
1619
418
470
478
502
154
2110
845
1571
627
493
434
351
805
26
683
574
1223
855
986
268
221
150
2044
281
1923
76
831
1555
58
76
552
324
640
96
1131
1305
14
1046
1249
227
49
1765
792
1514
2167
233
379
834
149
331
1483
101
1502
558
640
442
322
219
237
85
1442
12
1647
1026
713
1186
728
68
510
163
2110
728
366
49
362
39
1193
785
348
1828
292
363
1000
753
749
763
1050
1655
852
1825
346
1727
48
340
431
1015
655
499
336
124
258
312
2003
1982
1468
977
621
640
1636
2127
851
1301
640
1156
640
909
99
1327
1054
1353
571
1021
1398
1760
568
575
514
724
780
784
1341
2149
1508
148
1420
400
593
1317
566
1083
1158
144
89
765
696
680
825
662
361
1063
47
768
1395
1726
159
1216
2168
1178
143
380
133
467
1707
1398
262
1011
1472
1038
1140
750
2082
1235
1941
1491
1499
729
1291
47
226
885
832
1883
1331
2499
141
1889
2284
287
1715
484
2114
244
1518
872
225
2230
350
837
1067
2121
1559
427
2192
2130
1830
268
1372
268
447
551
412
1556
1786
8
136
152
2306
50
157
956
1686
936
811
1863
484
1184
1943
1436
2016
2467
161
532
1688
711
1284
598
1633
2039
823
743
601
853
1164
2490
741
1276
1263
1631
1213
471
110
163
330
419
680
394
161
1449
231
1513
278
1208
232
1317
127
1279
870
707
231
319
117
2404
1468
1061
1314
146
984
1747
1942
991
601
1003
2373
1691
557
1014
150
2018
166
1578
635
38
61
1033
286
1013
1915
1795
1887
365
468
994
2352
126
1372
1477
245
942
1469
604
1441
83
2156
766
198
343
864
57
202
382
809
1172
729
1127
14
294
174
188
403
590
1382
1781
1833
2603
4
189
1078
129
125
1182
101
1551
781
579
910
1484
36
781
1004
810
1198
261
476
2272
687
925
231
1325
628
235
648
1846
726
1862
2094
1038
1117
29
617
54
148
570
1819
68
1222
103
1811
2178
2752
954
1450
490
230
606
576
997
228
2411
943
497
954
1271
326
697
172
162
1891
344
464
399
1265
74
1020
1496
1461
537
2638
1390
519
2273
675
1546
999
1761
661
289
23
18
78
1243
165
353
2301
164
73
2143
911
266
23
1
1828
35
2552
1515
2085
626
1687
1769
565
2675
2057
648
2613
94
1755
2783
748
2804
754
688
154
934
9
1116
236
463
2219
2010
965
1446
2195
1110
1847
281
618
7
422
659
2409
1962
1180
41
1354
1428
340
1967
266
1458
100
746
280
1913
290
1076
1415
1257
798
171
1554
454
770
15
985
56
434
829
1278
540
1756
2067
974
208
549
784
751
624
108
948
1413
1350
250
446
471
1565
926
1163
2146
323
705
1661
201
1761
115
878
522
737
131
491
1979
121
2574
708
801
1338
1618
638
1380
1255
684
1157
1028
1110
2325
2279
2142
1455
392
226
528
245
640
160
617
199
1698
1706
2754
23
1152
262
1123
139
2507
2644
1730
1008
533
1286
2559
716
880
338
1329
1196
1351
1245
2077
367
934
746
180
881
1257
520
563
2474
1095
2004
448
634
2942
1673
778
1829
711
963
1478
473
146
846
760
1919
2462
1177
699
827
49
1696
2208
708
1665
2243
942
1960
1122
2250
2
792
2227
2500
2084
2385
275
626
602
246
1831
147
1681
1447
2271
261
1650
1428
2452
256
411
1588
324
2281
1629
557
305
1807
2173
1163
2114
1226
346
2889
1926
482
2111
437
1252
1269
2927
1664
753
293
1249
3004
2209
2586
483
87
1218
2429
3478
1444
2961
2921
1258
2562
595
1345
711
684
425
2752
127
1364
1731
1141
1274
733
2955
3176
648
2428
1413
1039
1013
503
423
647
3255
1791
2906
1972
1118
1721
1548
942
1960
2333
1361
654
354
169
142
3
1191
905
1465
1119
678
2080
2458
1143
2118
88
688
450
3231
1258
107
207
1872
1281
262
52
170
1491
3438
2532
25
1593
1111
3322
2296
2187
2656
827
737
3125
2479
945
237
1354
548
1302
17
1536
12
1660
3150
2096
1769
1636
1291
74
1314
232
180
2528
1170
1974
386
2378
2248
2761
442
913
2027
337
1015
1317
1069
1137
1715
1882
2406
2154
828
1873
2829
2016
1153
275
190
696
522
1386
936
756
1858
1797
861
1158
2047
408
1608
1577
2036
507
699
878
802
453
189
1027
703
1046
1882
2012
3460
1255
2037
2281
1157
520
1649
2287
1878
1088
763
3034
61
2054
2349
1742
399
1133
1024
2999
890
529
1057
443
934
978
799
1189
1278
1601
948
230
548
3355
613
3187
1605
428
1591
259
366
1902
41
1083
1769
3007
3372
758
1843
716
2499
633
2133
2572
845
1098
840
766
696
266
215
1118
1984
2288
12
1647
2480
1589
290
119
14
522
1348
140
1466
1451
264
2302
628
1047
298
915
220
1918
1355
702
972
774
1142
369
3517
68
3259
2177
268
2549
2308
3172
1310
2335
1360
3308
322
2031
765
401
1141
601
1138
132
769
265
2148
2133
1975
255
2319
1561
2755
2132
1541
1107
3212
2536
2615
701
1396
1405
1178
3366
1799
1778
988
767
637
3041
1145
148
1899
446
464
646
128
2174
820
341
458
1291
1395
1016
136
870
47
1516
2488
4
188
1684
2821
1035
1267
1898
994
707
2845
2188
1130
152
1434
1261
642
2769
2539
1917
304
3631
2731
1145
1868
1861
188
2405
653
325
518
3465
3339
1130
1336
3263
1725
963
1639
394
1049
3371
3199
982
249
2049
1097
973
1558
1539
327
2282
1642
2087
397
385
2578
1951
1624
939
1262
429
2144
1597
27
1737
3915
1631
1090
1321
2018
2820
2638
704
289
2912
993
3548
1657
1218
1976
869
106
3083
2514
181
1051
919
1919
2325
2155
2583
1434
1778
1965
1937
3155
2138
3570
1437
2202
1422
3250
168
1242
1016
839
1608
420
1848
949
205
2043
2388
1727
2023
752
410
217
111
2157
1522
1104
2094
911
904
699
1307
2841
2872
1936
1403
634
173
1297
3909
896
857
564
918
532
1913
288
733
1211
1173
162
371
3108
1871
1041
473
1140
565
211
750
902
278
2026
3395
762
860
742
1890
2019
951
2439
1106
61
3407
1873
1283
2326
2782
1998
583
1809
2232
2116
2223
1060
1621
3008
1997
1611
796
4242
722
1707
2073
1722
2898
2702
1199
2202
2691
1432
1709
1742
393
1226
1660
944
1840
526
1529
1141
841
3355
714
702
0
486
2538
83
48
1627
190
2381
3592
2655
488
3182
1913
3012
702
1513
2222
2666
3572
3074
2285
1874
1447
3185
2122
1168
909
1571
868
1126
302
934
142
158
1872
768
882
53
195
692
2357
3845
537
836
1050
404
1115
3440
1522
2615
201
2983
2184
1526
1530
78
255
3483
3265
2600
432
3000
1106
1693
330
771
437
407
38
1114
1241
2711
436
1037
1895
2827
1882
3622
643
1315
1034
3414
2364
2824
1682
525
1142
2632
412
633
311
1172
636
4234
309
1125
2023
3034
166
2553
307
1055
64
2317
2481
2513
1480
2117
3685
527
310
3744
2231
1792
1166
67
407
1752
4126
2347
200
558
1621
1609
1319
2031
777
189
2994
410
1340
741
2176
970
1474
315
909
780
3239
360
2430
158
610
1854
1743
1893
487
3656
2017
2218
2310
897
818
164
138
2476
1670
2453
1586
1963
2894
2792
1528
549
1441
269
548
374
3327
2279
1179
2828
392
2673
412
2812
793
2149
1813
1875
3980
2955
816
2507
3410
452
784
2004
1239
328
206
2008
1355
3344
4
3892
1736
865
2341
274
79
1564
649
199
2755
3368
2930
982
238
679
233
3882
3208
1189
2432
2864
4351
1404
859
2463
1307
158
1745
1063
3281
1774
1164
235
2214
236
490
351
194
799
205
398
2097
2372
1041
947
1652
558
43
1107
59
3727
687
530
1291
974
4
1518
1758
4450
2601
422
3660
3104
314
2506
2018
912
2470
4088
384
3682
605
1690
2272
72
2387
1187
3814
113
1311
63
1540
1691
1613
1980
2340
2317
95
251
1293
276
265
2857
809
1881
1452
1457
2274
2288
1617
1771
763
1709
421
966
3178
3439
3241
3565
4200
777
537
325
1961
2787
980
277
2698
2284
2008
2475
323
4169
4800
1072
1260
3276
314
2562
3338
14
644
1462
362
585
2757
1920
2238
1114
2077
377
1646
990
3940
1320
1832
2344
2709
1344
167
2476
4507
3042
2512
4255
1916
2240
263
3172
2626
1257
1132
5
520
444
719
3832
629
2756
2997
4458
994
1827
1433
2421
1382
454
4333
3027
957
1273
2188
4266
1156
1679
3963
108
329
211
167
3476
2203
352
1308
2543
3890
2123
2158
1581
1809
2409
983
892
3197
2644
1348
1583
1285
12
33
4777
1824
3370
4059
1086
1389
458
4295
2559
4570
1166
1675
2957
244
3075
2903
957
14
1639
2169
3358
4047
1379
1103
97
2503
4104
4728
3092
1985
753
3650
2712
2709
1987
1954
521
1133
1952
1009
83
1452
1154
4420
3765
1337
2086
988
1277
3180
2879
750
1526
1905
1436
1215
3320
2104
754
841
2264
744
515
1266
381
114
1577
1797
2239
3086
4039
1256
676
3066
2079
1112
224
914
241
1618
2697
2370
2277
69
2585
1121
4882
2019
1884
155
925
2071
518
4448
342
1474
1391
76
2528
298
709
512
2965
4676
1079
2463
948
179
905
844
3913
2369
2018
68
3959
1197
1813
2187
1604
3043
418
1997
4686
1155
4088
1226
1442
3156
2635
2124
359
3683
3725
2728
976
3754
4273
4440
1605
3187
2122
972
1717
3808
1317
3154
3414
4455
3719
1438
3755
52
2694
1868
3606
2954
542
3389
3096
284
181
3006
1439
2578
2149
2936
2025
201
335
2007
2483
1219
355
3398
1878
524
683
173
1798
1247
644
416
3219
2328
1260
3808
1980
3481
37
1177
559
276
4182
863
581
729
3662
1999
685
3509
223
3465
1622
3803
1737
1792
2495
37
2226
3978
5031
432
2632
3701
1219
5365
1818
2432
1764
922
193
157
4874
3951
160
1408
1033
4428
3666
1852
1228
1596
591
927
1043
860
1966
1072
1570
59
817
2763
2088
3266
4071
4389
323
985
1926
659
3205
2378
2996
3539
2881
2692
3726
355
557
264
1787
2870
3550
979
4262
312
2686
3158
3338
5078
208
1301
2774
982
326
3997
296
1072
3068
1062
1308
898
3997
2713
1323
633
142
154
782
2629
1052
7
1279
2676
858
235
4401
705
3504
148
888
1914
402
738
62
2862
3342
1182
4001
2125
909
2532
2480
276
52
147
1491
1073
1069
657
1118
2237
633
2953
4222
1396
294
1213
278
524
4216
2455
1693
1847
959
1935
92
760
496
2447
139
2291
560
5155
1306
1687
2658
2548
2421
820
743
3217
499
3122
2794
310
1010
3575
31
2527
2617
99
699
984
2688
3670
84
1383
676
3916
3058
3725
1731
225
741
354
2633
2587
1261
1341
4566
3132
3471
2132
3448
1316
2119
873
3894
1266
1652
1032
1086
5373
2189
5148
2974
4934
174
376
823
988
499
2642
3476
449
1285
3674
532
3034
1575
2772
2575
4668
194
2766
1290
3311
2398
25
350
849
166
1568
2608
191
757
331
210
3284
44
1146
103
3468
301
441
1797
1651
630
956
1295
1587
2227
203
1265
4161
443
1644
656
2300
1604
1642
2352
119
3797
1825
1016
3097
4525
1264
3061
2377
5102
3765
154
4512
1813
4951
331
1262
677
1127
3665
1253
1297
113
1797
723
4702
659
358
2950
613
2606
2937
1083
4841
2236
1835
1589
2687
2069
3284
1002
355
1194
4532
968
620
1674
2091
3460
76
1571
1623
396
1614
1982
2294
3296
3215
635
1522
2755
4258
3406
2626
2298
2365
1249
2308
2427
354
1924
2896
3973
4382
1123
1241
685
2334
4326
2521
2087
4722
1967
1546
1590
2844
1948
2416
155
1514
499
1581
2265
1374
1918
277
92
1868
980
767
3963
1121
9
88
1303
72
2662
2996
582
3544
1565
1060
2155
682
2201
754
3917
5105
1087
78
5278
3175
1072
307
1144
224
713
2724
2383
2573
650
592
2057
668
3700
3537
1055
1
1455
592
1021
3814
1810
5039
151
2150
2629
2632
1664
392
549
1432
959
3112
49
3851
1652
2332
4457
120
165
3353
1847
5298
910
49
4071
1859
2475
3789
2690
5691
5869
1636
78
3702
2779
1608
3328
2474
371
230
3458
635
2843
744
4313
1469
1678
